	        
00	 00   784060387    3338124786
	        
00	 00   784060387    3338124786
	        
00	 00   784060387    3338124786
	        
00	 00   784060387    3338124786
	        
00	 00   784060387    3338124786
	        
00	 00   784060387    3338124786
	        
00	 00   784060387    3338124786
	        
00	 00   784060387    3338124786
	        
00	 00   784060387    3338124786
	        
2037.80	 697.20   784070576    3338128272
	        
184.20	 113.20   784071497    3338128838
120.80	 212.40   784072101    3338129900
